0 0.155469 0.255097 0.170313 0.171875
0 0.324219 0.250409 0.167187 0.168750
0 0.490625 0.249628 0.168750 0.170313
0 0.659375 0.251190 0.168750 0.170313
0 0.829688 0.253534 0.171875 0.175000
0 0.239844 0.491815 0.176563 0.179688
0 0.414844 0.481659 0.164063 0.171875
0 0.580469 0.486347 0.170313 0.175000
0 0.750781 0.489472 0.173437 0.171875
0 0.152344 0.726972 0.170313 0.175000
0 0.328125 0.726190 0.171875 0.170313
0 0.502344 0.734003 0.167187 0.173437
0 0.676562 0.733222 0.165625 0.162500
0 0.851563 0.740253 0.168750 0.170313