0 0.154688 0.253534 0.168750 0.168750
0 0.323437 0.253534 0.168750 0.171875
0 0.489844 0.251972 0.167187 0.171875
0 0.662500 0.253534 0.162500 0.168750
0 0.828125 0.253534 0.168750 0.171875
0 0.241406 0.487909 0.170313 0.168750
0 0.409375 0.480097 0.165625 0.168750
0 0.578906 0.487128 0.170313 0.170313
0 0.750781 0.490253 0.173437 0.173437
0 0.152344 0.726972 0.173437 0.175000
0 0.327344 0.727753 0.173437 0.173437
0 0.501563 0.735565 0.168750 0.176563
0 0.677344 0.734784 0.170313 0.168750
0 0.850781 0.741815 0.170313 0.170313