0 0.167187 0.238690 0.125000 0.135937
0 0.300000 0.238690 0.125000 0.129688
0 0.433594 0.235565 0.126562 0.135937
0 0.569531 0.237128 0.129688 0.139063
0 0.696875 0.239472 0.131250 0.137500
0 0.832812 0.240253 0.131250 0.132813
0 0.071875 0.396503 0.112500 0.120313
0 0.195313 0.397284 0.115625 0.121875
0 0.317188 0.394940 0.115625 0.114062
0 0.439063 0.394940 0.115625 0.114062
0 0.561719 0.394159 0.114062 0.112500
0 0.684375 0.397284 0.115625 0.115625
0 0.808594 0.394940 0.114062 0.117188
0 0.930469 0.394940 0.114062 0.117188
0 0.356250 0.519940 0.118750 0.117188
0 0.492969 0.519159 0.114062 0.118750
0 0.619531 0.521503 0.114062 0.117188
0 0.078125 0.668378 0.115625 0.114062
0 0.198437 0.671503 0.109375 0.114062
0 0.317969 0.669940 0.110937 0.114062
0 0.437500 0.669940 0.112500 0.114062
0 0.558594 0.669159 0.114062 0.118750
0 0.678125 0.669940 0.112500 0.117188
0 0.796094 0.673065 0.104688 0.120313
0 0.918750 0.673065 0.109375 0.117188
0 0.140625 0.793378 0.115625 0.117188
0 0.261719 0.797284 0.114062 0.118750
0 0.381250 0.796503 0.112500 0.114062
0 0.496875 0.795722 0.115625 0.112500
0 0.615625 0.796503 0.121875 0.114062
0 0.735938 0.796503 0.121875 0.114062
0 0.853906 0.799628 0.117188 0.117188