0 0.166406 0.238690 0.132813 0.139063
0 0.299219 0.241034 0.132813 0.140625
0 0.432812 0.238690 0.137500 0.135937
0 0.569531 0.240253 0.126562 0.142187
0 0.700781 0.241034 0.129688 0.143750
0 0.835156 0.239472 0.132813 0.140625
0 0.071094 0.395722 0.110937 0.112500
0 0.193750 0.396503 0.115625 0.120313
0 0.316406 0.394940 0.114062 0.114062
0 0.439063 0.394940 0.112500 0.117188
0 0.561719 0.395722 0.114062 0.115625
0 0.684375 0.394159 0.112500 0.118750
0 0.807031 0.396503 0.114062 0.120313
0 0.928906 0.394940 0.110937 0.117188
0 0.357812 0.521503 0.115625 0.117188
0 0.491406 0.523065 0.114062 0.120313
0 0.615625 0.522284 0.115625 0.118750
0 0.079687 0.670722 0.109375 0.112500
0 0.199219 0.669159 0.110937 0.115625
0 0.319531 0.669940 0.110937 0.114062
0 0.439063 0.669940 0.109375 0.117188
0 0.557813 0.670722 0.109375 0.112500
0 0.677344 0.666815 0.110937 0.114062
0 0.796094 0.672284 0.110937 0.115625
0 0.917188 0.673065 0.115625 0.117188
0 0.136719 0.797284 0.110937 0.115625
0 0.259375 0.798065 0.109375 0.107813
0 0.381250 0.794940 0.109375 0.114062
0 0.497656 0.798065 0.114062 0.117188
0 0.613281 0.795722 0.114062 0.115625
0 0.734375 0.795722 0.112500 0.121875
0 0.855469 0.794159 0.117188 0.118750