0 0.238678 0.286390 0.281729 0.441463 0.128162 0.484096 0.085111 0.329023
0 0.240159 0.332348 0.381197 0.272718 0.443869 0.420951 0.302831 0.480581
0 0.457375 0.292072 0.594095 0.349876 0.534465 0.490914 0.397745 0.433110
0 0.584727 0.306123 0.737087 0.321410 0.721176 0.479988 0.568816 0.464701
0 0.706878 0.356492 0.845037 0.298080 0.905275 0.440556 0.767116 0.498969
0 0.065396 0.447357 0.211682 0.492608 0.165507 0.641879 0.019221 0.596628
0 0.348264 0.632118 0.351389 0.632118 0.351389 0.632118 0.348264 0.632118
0 0.203723 0.463713 0.360747 0.479468 0.344368 0.642711 0.187344 0.626956
0 0.332857 0.510096 0.480635 0.464383 0.527734 0.616640 0.379955 0.662353
0 0.493302 0.487669 0.640312 0.457869 0.671975 0.614067 0.524965 0.643867
0 0.676543 0.470214 0.825085 0.500324 0.793422 0.656523 0.644881 0.626412
0 0.812326 0.468056 0.962326 0.468056 0.962326 0.625868 0.812326 0.625868