0 0.301408 0.124815 0.340279 0.264832 0.212307 0.300359 0.173436 0.160342
0 0.310032 0.179649 0.430699 0.113728 0.495871 0.233024 0.375204 0.298945
0 0.507737 0.133721 0.635822 0.187874 0.584103 0.310203 0.456018 0.256049
0 0.647042 0.130962 0.773688 0.184507 0.721360 0.308274 0.594714 0.254729
0 0.732823 0.192196 0.859469 0.138651 0.910580 0.259540 0.783934 0.313085
0 0.147731 0.264944 0.288046 0.308349 0.248797 0.435229 0.108482 0.391825
0 0.280167 0.281676 0.420089 0.295715 0.406986 0.426310 0.267064 0.412271
0 0.393760 0.326571 0.520406 0.273026 0.571517 0.393915 0.444872 0.447460
0 0.540342 0.303272 0.675102 0.275955 0.699935 0.398464 0.565176 0.425781
0 0.703483 0.281973 0.841305 0.309911 0.814919 0.440076 0.677098 0.412138
0 0.829514 0.283681 0.967014 0.283681 0.967014 0.413368 0.829514 0.413368