0 0.153125 0.255469 0.170313 0.16875 -1.5707963267948966
0 0.325000 0.253125 0.171875 0.159375 -1.5707963267948966
0 0.491406 0.253125 0.165625 0.160938 -1.5707963267948966
0 0.660937 0.253125 0.165625 0.165625 0.0
0 0.830469 0.253906 0.170313 0.167187 -1.5707963267948966
0 0.240625 0.489844 0.173437 0.16875 -1.5707963267948966
0 0.411719 0.481250 0.16875 0.160938 -1.5707963267948966
0 0.578125 0.487500 0.171875 0.1625 -1.5707963267948966
0 0.748437 0.491406 0.170313 0.16875 -1.5707963267948966
0 0.152344 0.725781 0.173437 0.167187 -1.5707963267948966
0 0.328125 0.728906 0.173437 0.16875 -1.5707963267948966
0 0.501563 0.736719 0.167187 0.165625 -1.5707963267948966
0 0.675781 0.734375 0.164063 0.1625 0.0
0 0.848437 0.739844 0.173437 0.165625 -1.5707963267948966