0 0.153125 0.254688 0.171875 0.16875 -1.5707963267948966
0 0.323437 0.250000 0.16875 0.165625 -1.5707963267948966
0 0.490625 0.249219 0.167187 0.165625 -1.5707963267948966
0 0.659375 0.251563 0.16875 0.165625 -1.5707963267948966
0 0.828906 0.253906 0.167187 0.167187 0.0
0 0.239063 0.488281 0.173437 0.16875 -1.5707963267948966
0 0.410156 0.481250 0.16875 0.167187 -1.5707963267948966
0 0.578125 0.486719 0.173437 0.165625 -1.5707963267948966
0 0.751563 0.488281 0.170313 0.16875 -1.5707963267948966
0 0.152344 0.724219 0.173437 0.167187 -1.5707963267948966
0 0.327344 0.728125 0.175 0.170313 -1.5707963267948966
0 0.501563 0.732031 0.173437 0.171875 -1.5707963267948966
0 0.675781 0.733594 0.173437 0.170313 -1.5707963267948966
0 0.850781 0.737500 0.176563 0.175 0.0