0 0.157639 0.169618 0.260764 0.169618 0.260764 0.275868 0.157639 0.275868
0 0.262326 0.168056 0.370139 0.168056 0.370139 0.278993 0.262326 0.278993
0 0.370139 0.171181 0.473264 0.171181 0.473264 0.277431 0.370139 0.277431
0 0.474826 0.169618 0.576389 0.169618 0.576389 0.282118 0.474826 0.282118
0 0.582639 0.171181 0.682639 0.171181 0.682639 0.277431 0.582639 0.277431
0 0.685764 0.172743 0.790451 0.172743 0.790451 0.275868 0.685764 0.275868
0 0.085764 0.302431 0.177951 0.302431 0.177951 0.394618 0.085764 0.394618
0 0.184201 0.302431 0.276389 0.302431 0.276389 0.396181 0.184201 0.396181
0 0.282639 0.305556 0.373264 0.305556 0.373264 0.397743 0.282639 0.397743
0 0.379514 0.303993 0.471701 0.303993 0.471701 0.397743 0.379514 0.397743
0 0.476389 0.302431 0.568576 0.302431 0.568576 0.391493 0.476389 0.391493
0 0.570139 0.302431 0.665451 0.302431 0.665451 0.397743 0.570139 0.397743
0 0.670139 0.300868 0.760764 0.300868 0.760764 0.399306 0.670139 0.399306
0 0.767014 0.302431 0.859201 0.302431 0.859201 0.397743 0.767014 0.397743
0 0.312326 0.402431 0.406076 0.402431 0.406076 0.497743 0.312326 0.497743
0 0.424826 0.402431 0.513889 0.402431 0.513889 0.494618 0.424826 0.494618
0 0.518576 0.400868 0.613889 0.400868 0.613889 0.496181 0.518576 0.496181
0 0.092014 0.518056 0.187326 0.518056 0.187326 0.610243 0.092014 0.610243
0 0.188889 0.519618 0.281076 0.519618 0.281076 0.613368 0.188889 0.613368
0 0.282639 0.518056 0.379514 0.518056 0.379514 0.613368 0.282639 0.613368
0 0.379514 0.522743 0.470139 0.522743 0.470139 0.611806 0.379514 0.611806
0 0.473264 0.518056 0.565451 0.518056 0.565451 0.613368 0.473264 0.613368
0 0.570139 0.521181 0.657639 0.521181 0.657639 0.614931 0.570139 0.614931
0 0.662326 0.519618 0.751389 0.519618 0.751389 0.613368 0.662326 0.613368
0 0.757639 0.521181 0.848264 0.521181 0.848264 0.613368 0.757639 0.613368
0 0.145139 0.614931 0.237326 0.614931 0.237326 0.711806 0.145139 0.711806
0 0.235764 0.619618 0.329514 0.619618 0.329514 0.714931 0.235764 0.714931
0 0.332639 0.618056 0.426389 0.618056 0.426389 0.718056 0.332639 0.718056
0 0.427951 0.616493 0.520139 0.616493 0.520139 0.713368 0.427951 0.713368
0 0.517014 0.619618 0.610764 0.619618 0.610764 0.714931 0.517014 0.714931
0 0.613889 0.619618 0.706076 0.619618 0.706076 0.721181 0.613889 0.721181
0 0.707639 0.622743 0.799826 0.622743 0.799826 0.713368 0.707639 0.713368