0 0.167187 0.238281 0.132813 0.121875 -1.5707963267948966
0 0.300781 0.238281 0.126562 0.123438 -1.5707963267948966
0 0.431250 0.237500 0.13125 0.125 -1.5707963267948966
0 0.565625 0.239063 0.134375 0.128125 -1.5707963267948966
0 0.700000 0.237500 0.13125 0.125 -1.5707963267948966
0 0.831250 0.239063 0.134375 0.125 -1.5707963267948966
0 0.071094 0.392188 0.114062 0.1125 0.0
0 0.192188 0.395313 0.121875 0.115625 -1.5707963267948966
0 0.314844 0.395313 0.115625 0.110937 -1.5707963267948966
0 0.439063 0.394531 0.117188 0.1125 -1.5707963267948966
0 0.560937 0.395313 0.1125 0.1125 0.0
0 0.682813 0.394531 0.117188 0.109375 -1.5707963267948966
0 0.804688 0.393750 0.115625 0.115625 0.0
0 0.928906 0.394531 0.117188 0.114062 -1.5707963267948966
0 0.357812 0.520312 0.11875 0.11875 0.0
0 0.491406 0.520312 0.115625 0.114062 -1.5707963267948966
0 0.616406 0.521094 0.117188 0.117188 0.0
0 0.078125 0.667969 0.120313 0.1125 -1.5707963267948966
0 0.196875 0.669531 0.117188 0.115625 -1.5707963267948966
0 0.317188 0.668750 0.115625 0.109375 -1.5707963267948966
0 0.435937 0.668750 0.115625 0.1125 -1.5707963267948966
0 0.557813 0.669531 0.117188 0.109375 -1.5707963267948966
0 0.676562 0.668750 0.115625 0.109375 -1.5707963267948966
0 0.796094 0.669531 0.120313 0.114062 -1.5707963267948966
0 0.915625 0.671094 0.120313 0.1125 -1.5707963267948966
0 0.141406 0.795312 0.115625 0.114062 -1.5707963267948966
0 0.259375 0.796875 0.1125 0.1125 0.0
0 0.380469 0.795312 0.115625 0.110937 -1.5707963267948966
0 0.499219 0.794531 0.117188 0.110937 -1.5707963267948966
0 0.616406 0.796094 0.114062 0.114062 0.0
0 0.736719 0.796875 0.115625 0.114062 -1.5707963267948966
0 0.855469 0.795312 0.11875 0.114062 -1.5707963267948966