0 0.194531 0.210938 0.182812 0.18125 0.0
0 0.382031 0.210156 0.182812 0.179688 -1.5707963267948966
0 0.566406 0.210938 0.184375 0.182812 -1.5707963267948966
0 0.753906 0.209375 0.185938 0.184375 0.0
0 0.194531 0.419531 0.189062 0.185938 0.0
0 0.381250 0.417969 0.189062 0.1875 -1.5707963267948966
0 0.570313 0.415625 0.190625 0.184375 -1.5707963267948966
0 0.755469 0.417969 0.189062 0.185938 -1.5707963267948966
0 0.195313 0.627344 0.189062 0.184375 -1.5707963267948966
0 0.382813 0.628906 0.185938 0.178125 -1.5707963267948966
0 0.567187 0.628125 0.1875 0.184375 -1.5707963267948966
0 0.753906 0.628125 0.1875 0.185938 -1.5707963267948966