0 0.104514 0.118056 0.287326 0.118056 0.287326 0.303993 0.104514 0.303993
0 0.290451 0.116493 0.471701 0.116493 0.471701 0.297743 0.290451 0.297743
0 0.474826 0.116493 0.657639 0.116493 0.657639 0.307118 0.474826 0.307118
0 0.659201 0.114931 0.846701 0.114931 0.846701 0.308681 0.659201 0.308681
0 0.102951 0.325868 0.288889 0.325868 0.288889 0.514931 0.102951 0.514931
0 0.293576 0.324306 0.477951 0.324306 0.477951 0.513368 0.293576 0.513368
0 0.477951 0.327431 0.665451 0.327431 0.665451 0.513368 0.477951 0.513368
0 0.665451 0.319618 0.848264 0.319618 0.848264 0.511806 0.665451 0.511806
0 0.104514 0.536806 0.285764 0.536806 0.285764 0.721181 0.104514 0.721181
0 0.290451 0.532118 0.477951 0.532118 0.477951 0.721181 0.290451 0.721181
0 0.476389 0.535243 0.663889 0.535243 0.663889 0.719618 0.476389 0.719618
0 0.663889 0.533681 0.846701 0.533681 0.846701 0.724306 0.663889 0.724306