1 0.267051 -0.006940 0.511129 0.126400 0.429477 0.275864 0.185399 0.142523
1 0.453768 0.070548 0.726934 0.155048 0.672448 0.331188 0.399281 0.246688
1 0.715676 0.118373 0.991292 0.268943 0.888665 0.456800 0.613049 0.306231
1 0.220478 0.101382 0.459071 0.231726 0.372924 0.389417 0.134332 0.259073
1 0.420169 0.176147 0.695048 0.292364 0.612297 0.488089 0.337417 0.371872
1 0.686990 0.246355 0.970833 0.401419 0.851726 0.619444 0.567882 0.464379
1 0.188191 0.209322 0.433213 0.376951 0.311462 0.554914 0.066440 0.387285
1 0.425754 0.293346 0.687540 0.472444 0.541086 0.686515 0.279300 0.507417
1 0.683708 0.388781 0.975155 0.588171 0.812820 0.825455 0.521373 0.626065
1 0.128232 0.344967 0.377122 0.515242 0.238608 0.717707 -0.010282 0.547432
1 0.353304 0.432085 0.635724 0.625298 0.476036 0.858714 0.193616 0.665500
1 0.607406 0.555590 0.937871 0.736123 0.781309 1.022709 0.450844 0.842175
1 0.260806 0.585597 0.549673 0.783222 0.373222 1.041139 0.084355 0.843514