0 0.276562 0.187500 0.1875 0.18125 0.3316123267948965
0 0.442188 0.275781 0.192188 0.1875 -1.5707963267948966
0 0.585156 0.389844 0.189062 0.182812 -0.6108653267948965
0 0.740625 0.485938 0.19375 0.190625 -0.8552113267948966
0 0.892188 0.587500 0.184375 0.178125 -1.2740903267948966
0 0.109375 0.305469 0.19375 0.192188 0.767945
0 0.263281 0.410938 0.189062 0.184375 0.628319
0 0.410938 0.518750 0.1875 0.1875 0.139626
0 0.568750 0.602344 0.185938 0.175 -1.1519173267948966
0 0.720313 0.712500 0.184375 0.18125 0.610865
0 0.880469 0.783594 0.182812 0.179688 -1.0297443267948965