0 0.115448 0.430262 0.261246 0.553066 0.140455 0.696474 -0.005343 0.573670
0 0.158716 0.478593 0.274297 0.332943 0.417499 0.446581 0.301918 0.592231
0 0.355462 0.313719 0.540471 0.295157 0.558253 0.472392 0.373245 0.490954
0 0.495163 0.239703 0.678767 0.182908 0.734177 0.362033 0.550573 0.418828
0 0.642539 0.207386 0.788337 0.084582 0.907114 0.225600 0.761316 0.348404
0 0.040463 0.695312 0.228820 0.657130 0.267002 0.845487 0.078645 0.883668
0 0.199551 0.637433 0.366494 0.566851 0.440726 0.742428 0.273784 0.813010
0 0.354008 0.623862 0.471531 0.475765 0.615957 0.590374 0.498434 0.738472
0 0.506558 0.490488 0.645186 0.373723 0.764970 0.515936 0.626342 0.632700
0 0.672137 0.388262 0.835312 0.299119 0.925954 0.465037 0.762778 0.554180
0 0.807015 0.298804 0.921742 0.202172 1.039513 0.341994 0.924786 0.438627