0 0.532813 0.080469 0.178125 0.160938 0.977384
0 0.617969 0.216406 0.167187 0.167187 1.064651
0 0.707812 0.357031 0.165625 0.164063 1.012291
0 0.792188 0.502344 0.16875 0.164063 0.959931
0 0.881250 0.646875 0.1625 0.1625 1.029744
0 0.369531 0.272656 0.179688 0.173437 0.977384
0 0.471875 0.417187 0.16875 0.16875 0.977384
0 0.555469 0.559375 0.16875 0.167187 -0.5410523267948966
0 0.642188 0.709375 0.165625 0.165625 0.994838
0 0.124219 0.328906 0.170313 0.170313 0.994838
0 0.216406 0.475000 0.167187 0.1625 0.977384
0 0.300000 0.627344 0.175 0.167187 0.977384
0 0.392188 0.771875 0.171875 0.16875 0.994838
0 0.479687 0.921094 0.16875 0.157812 1.099557